5.001004230055005 1.0
15.027166593486626 1.0
25.126259140348665 1.0
35.34848299359688 1.0
45.74648014876861 1.0
56.37645373517325 1.0
67.29944484011403 1.0
78.58283031424251 1.0
90.30212384982096 1.0
102.54318856502275 1.0
115.40500686272615 1.0
129.0032079399439 1.0
143.47463361890158 1.0
158.98334292569936 1.0
175.72863751558754 1.0
193.95597108757252 1.0
213.9720503946923 1.0
236.1661559927607 1.0
261.0409119356426 1.0
289.2577996061467 1.0
321.7063938380662 1.0
359.61313939582385 1.0
404.7188058091799 1.0
459.5811820430826 1.0
528.1199042328179 1.0
616.6641778174768 1.0
736.1434441203418 1.0
907.1989076523232 1.0
1174.0576484546496 1.0
1651.7045608774074 1.0
2761.7419798812766 1.0
8298.564630377274 1.0
