-8298.564630377274 0.0
-2761.7419798812766 0.0
-1651.7045608774074 0.0
-1174.0576484546496 0.0
-907.1989076523232 0.0
-736.1434441203418 0.0
-616.6641778174768 0.0
-528.1199042328179 0.0
-459.5811820430826 0.0
-404.7188058091799 0.0
-359.61313939582385 0.0
-321.7063938380662 0.0
-289.2577996061467 0.0
-261.0409119356426 0.0
-236.1661559927607 0.0
-213.9720503946923 0.0
-193.95597108757252 0.0
-175.72863751558754 0.0
-158.98334292569936 0.0
-143.47463361890158 0.0
-129.0032079399439 0.0
-115.40500686272615 0.0
-102.54318856502275 0.0
-90.30212384982096 0.0
-78.58283031424251 0.0
-67.29944484011403 0.0
-56.37645373517325 0.0
-45.74648014876861 0.0
-35.34848299359688 0.0
-25.126259140348665 0.0
-15.027166593486626 0.0
-5.001004230055005 0.0
5.001004230055005 0.0
15.027166593486626 0.0
25.126259140348665 0.0
35.34848299359688 0.0
45.74648014876861 0.0
56.37645373517325 0.0
67.29944484011403 0.0
78.58283031424251 0.0
90.30212384982096 0.0
102.54318856502275 0.0
115.40500686272615 0.0
129.0032079399439 0.0
143.47463361890158 0.0
158.98334292569936 0.0
175.72863751558754 0.0
193.95597108757252 0.0
213.9720503946923 0.0
236.1661559927607 0.0
261.0409119356426 0.0
289.2577996061467 0.0
321.7063938380662 0.0
359.61313939582385 0.0
404.7188058091799 0.0
459.5811820430826 0.0
528.1199042328179 0.0
616.6641778174768 0.0
736.1434441203418 0.0
907.1989076523232 0.0
1174.0576484546496 0.0
1651.7045608774074 0.0
2761.7419798812766 0.0
8298.564630377274 0.0
